#Energy(ev) diff_rate error TDM=0.542 au
# Total Rate S1 -> S0: 1.25e+07 +/- 6.25e+06 s^-1
1.716800 2.389180e-11 2.389179e-11
1.722745 4.621851e-11 4.621846e-11
1.728690 8.485458e-11 8.485442e-11
1.734636 1.478520e-10 1.478515e-10
1.740581 2.444962e-10 2.444945e-10
1.746526 3.837165e-10 3.837115e-10
1.752471 5.715359e-10 5.715217e-10
1.758417 8.079298e-10 8.078911e-10
1.764362 1.083940e-09 1.083840e-09
1.770307 1.380219e-09 1.379969e-09
1.776252 1.668092e-09 1.667498e-09
1.782197 1.913633e-09 1.912287e-09
1.788143 2.084206e-09 2.081285e-09
1.794088 2.155881e-09 2.149808e-09
1.800033 2.119543e-09 2.107441e-09
1.805978 1.983769e-09 1.960636e-09
1.811924 1.773550e-09 1.731143e-09
1.817869 1.525370e-09 1.450883e-09
1.823814 1.280261e-09 1.155300e-09
1.829759 1.076877e-09 8.782140e-10
1.835705 9.461419e-10 6.523799e-10
1.841650 9.081198e-10 5.188079e-10
1.847595 9.707804e-10 5.207239e-10
1.853540 1.129937e-09 6.476317e-10
1.859485 1.369790e-09 8.478256e-10
1.865431 1.664093e-09 1.081853e-09
1.871376 1.978443e-09 1.320216e-09
1.877321 2.274276e-09 1.534182e-09
1.883266 2.514623e-09 1.695892e-09
1.889212 2.670819e-09 1.782985e-09
1.895157 2.728611e-09 1.783709e-09
1.901102 2.691937e-09 1.700073e-09
1.907047 2.583085e-09 1.547899e-09
1.912992 2.438962e-09 1.354427e-09
1.918938 2.304171e-09 1.156021e-09
1.924883 2.222296e-09 9.992058e-10
1.930828 2.227007e-09 9.400542e-10
1.936773 2.334579e-09 1.018011e-09
1.942719 2.539204e-09 1.218585e-09
1.948664 2.812324e-09 1.490555e-09
1.954609 3.106716e-09 1.779824e-09
1.960554 3.365174e-09 2.038140e-09
1.966499 3.532357e-09 2.224495e-09
1.972445 3.567111e-09 2.308980e-09
1.978390 3.452014e-09 2.277420e-09
1.984335 3.197479e-09 2.133793e-09
1.990280 2.839355e-09 1.898846e-09
1.996226 2.431052e-09 1.605119e-09
2.002171 2.032820e-09 1.290208e-09
2.008116 1.701301e-09 9.912353e-10
2.014061 1.481771e-09 7.441537e-10
2.020007 1.404080e-09 5.893767e-10
2.025952 1.481872e-09 5.644342e-10
2.031897 1.713882e-09 6.601183e-10
2.037842 2.086080e-09 8.294844e-10
2.043787 2.573925e-09 1.038410e-09
2.049733 3.144637e-09 1.267999e-09
2.055678 3.759697e-09 1.503389e-09
2.061623 4.377768e-09 1.729566e-09
2.067568 4.957933e-09 1.931992e-09
2.073514 5.462848e-09 2.098701e-09
2.079459 5.861348e-09 2.221755e-09
2.085404 6.130229e-09 2.297236e-09
2.091349 6.255204e-09 2.324409e-09
2.097294 6.231251e-09 2.305392e-09
2.103240 6.062575e-09 2.245892e-09
2.109185 5.762304e-09 2.155721e-09
2.115130 5.351883e-09 2.047006e-09
2.121075 4.860160e-09 1.929525e-09
2.127021 4.322185e-09 1.805968e-09
2.132966 3.777832e-09 1.671581e-09
2.138911 3.270280e-09 1.519834e-09
2.144856 2.844246e-09 1.351319e-09
2.150802 2.543682e-09 1.182813e-09
2.156747 2.408612e-09 1.056314e-09
2.162692 2.470924e-09 1.039853e-09
2.168637 2.749298e-09 1.189326e-09
2.174582 3.243951e-09 1.499623e-09
2.180528 3.932487e-09 1.927688e-09
2.186473 4.768545e-09 2.426868e-09
2.192418 5.684963e-09 2.948459e-09
2.198363 6.602359e-09 3.437513e-09
2.204309 7.442500e-09 3.836173e-09
2.210254 8.143805e-09 4.093747e-09
2.216199 8.674711e-09 4.179489e-09
2.222144 9.040263e-09 4.094005e-09
2.228089 9.278733e-09 3.876580e-09
2.234035 9.448074e-09 3.606847e-09
2.239980 9.605554e-09 3.395781e-09
2.245925 9.786691e-09 3.351137e-09
2.251870 9.990417e-09 3.515325e-09
2.257816 1.017584e-08 3.833415e-09
2.263761 1.027251e-08 4.193299e-09
2.269706 1.020182e-08 4.482036e-09
2.275651 9.903316e-09 4.614896e-09
2.281596 9.358212e-09 4.545804e-09
2.287542 8.602581e-09 4.270731e-09
2.293487 7.726142e-09 3.827079e-09
2.299432 6.856508e-09 3.292651e-09
2.305377 6.132924e-09 2.792795e-09
2.311323 5.676116e-09 2.512622e-09
2.317268 5.561593e-09 2.633432e-09
2.323213 5.802669e-09 3.156882e-09
2.329158 6.347322e-09 3.918844e-09
2.335104 7.090105e-09 4.745276e-09
2.341049 7.897104e-09 5.494475e-09
2.346994 8.638650e-09 6.051528e-09
2.352939 9.221862e-09 6.333245e-09
2.358884 9.614293e-09 6.301006e-09
2.364830 9.851679e-09 5.971350e-09
2.370775 1.002723e-08 5.419259e-09
2.376720 1.026563e-08 4.774197e-09
2.382665 1.068991e-08 4.207503e-09
2.388611 1.139172e-08 3.892239e-09
2.394556 1.241411e-08 3.913017e-09
2.400501 1.375092e-08 4.205620e-09
2.406446 1.536092e-08 4.633866e-09
2.412391 1.718878e-08 5.099525e-09
2.418337 1.918239e-08 5.582093e-09
2.424282 2.129770e-08 6.129031e-09
2.430227 2.348757e-08 6.815541e-09
2.436172 2.567971e-08 7.682396e-09
2.442118 2.775484e-08 8.686917e-09
2.448063 2.953946e-08 9.702558e-09
2.454008 3.082266e-08 1.055972e-08
2.459953 3.139722e-08 1.109686e-08
2.465898 3.111380e-08 1.120157e-08
2.471844 2.992948e-08 1.083403e-08
2.477789 2.793214e-08 1.003156e-08
2.483734 2.533064e-08 8.896364e-09
2.489679 2.241323e-08 7.572283e-09
2.495625 1.948839e-08 6.218359e-09
2.501570 1.682707e-08 4.986772e-09
2.507515 1.462271e-08 4.007900e-09
2.513460 1.297656e-08 3.373395e-09
2.519406 1.190608e-08 3.102479e-09
2.525351 1.136698e-08 3.123443e-09
2.531296 1.127771e-08 3.328376e-09
2.537241 1.153818e-08 3.642468e-09
2.543186 1.203986e-08 4.033960e-09
2.549132 1.266962e-08 4.486025e-09
2.555077 1.331259e-08 4.967612e-09
2.561022 1.385891e-08 5.421416e-09
2.566967 1.421608e-08 5.772199e-09
2.572913 1.432452e-08 5.947764e-09
2.578858 1.417076e-08 5.901994e-09
2.584803 1.379195e-08 5.632789e-09
2.590748 1.326808e-08 5.192561e-09
2.596693 1.270220e-08 4.692148e-09
2.602639 1.219409e-08 4.293840e-09
2.608584 1.181469e-08 4.166321e-09
2.614529 1.158898e-08 4.380670e-09
2.620474 1.149151e-08 4.848421e-09
2.626420 1.145533e-08 5.395640e-09
2.632365 1.139064e-08 5.858311e-09
2.638310 1.120772e-08 6.119624e-09
2.644255 1.083794e-08 6.117355e-09
2.650201 1.024808e-08 5.843424e-09
2.656146 9.445320e-09 5.337056e-09
2.662091 8.473415e-09 4.670328e-09
2.668036 7.402043e-09 3.928672e-09
2.673981 6.312948e-09 3.192198e-09
2.679927 5.286022e-09 2.524375e-09
2.685872 4.387680e-09 1.972804e-09
2.691817 3.662725e-09 1.581177e-09
2.697762 3.130175e-09 1.393862e-09
2.703708 2.783163e-09 1.416844e-09
2.709653 2.592944e-09 1.580715e-09
2.715598 2.516697e-09 1.789125e-09
2.721543 2.508055e-09 1.968072e-09
2.727488 2.528337e-09 2.071928e-09
2.733434 2.555692e-09 2.080684e-09
2.739379 2.589390e-09 2.001432e-09
2.745324 2.647573e-09 1.873693e-09
2.751269 2.758657e-09 1.774913e-09
2.757215 2.948673e-09 1.805899e-09
2.763160 3.228405e-09 2.026847e-09
2.769105 3.584535e-09 2.404153e-09
2.775050 3.977919e-09 2.847459e-09
2.780995 4.349946e-09 3.263041e-09
2.786941 4.635262e-09 3.573853e-09
2.792886 4.777025e-09 3.726362e-09
2.798831 4.740057e-09 3.695709e-09
2.804776 4.518086e-09 3.487886e-09
2.810722 4.133389e-09 3.136285e-09
2.816667 3.629744e-09 2.692446e-09
2.822612 3.061512e-09 2.213454e-09
2.828557 2.482405e-09 1.749746e-09
2.834503 1.936834e-09 1.336739e-09
2.840448 1.455271e-09 9.920874e-10
2.846393 1.053556e-09 7.182034e-10
2.852338 7.350277e-10 5.079098e-10
2.858283 4.940536e-10 3.502984e-10
2.864229 3.197326e-10 2.346321e-10
2.870174 1.990278e-10 1.518295e-10
2.876119 1.190197e-10 9.444296e-11
2.882064 6.828199e-11 5.624182e-11
2.888010 3.752843e-11 3.196880e-11
2.893955 1.973259e-11 1.730921e-11
2.899900 9.913374e-12 8.915013e-12