6    5.960755    -2.296176    -1.228861
6    7.307766    -2.751422    -1.118168
6    8.285811    -2.047526    -0.431594
6    7.959470    -0.808292    0.203220
6    6.630208    -0.381477    0.080847
6    5.617845    -1.098935    -0.623454
6    6.128713    0.818861    0.645522
6    8.823941    0.048683    0.949196
6    8.339676    1.225002    1.504623
6    6.981414    1.633384    1.363718
6    4.697735    0.874647    0.276738
6    4.403805    -0.300111    -0.496930
7    3.159056    -0.483754    -0.948409
7    3.794111    1.786500    0.570714
6    2.189651    0.388848    -0.706891
6    2.520441    1.609212    0.117865
6    0.864787    0.253448    -1.171592
7    1.532448    2.434410    0.349371
6    0.267376    2.307821    -0.079614
6    -0.120463    1.215037    -0.881335
7    -1.444133    1.076244    -1.329341
6    -2.460440    2.012580    -0.925831
6    -2.380276    3.348085    -1.346576
6    -3.373891    4.254840    -0.967227
6    -4.461849    3.828147    -0.197528
6    -4.551744    2.488600    0.193867
6    -3.549488    1.564963    -0.147695
6    -1.879577    -0.123776    -1.994037
6    -1.353305    -0.453600    -3.251526
6    -1.786385    -1.612660    -3.901587
6    -2.764473    -2.425767    -3.318361
6    -3.308987    -2.074805    -2.078985
6    -2.867651    -0.931791    -1.391151
14    -3.556542    -0.280843    0.237912
1    5.226804    -2.887116    -1.780946
1    7.574762    -3.696927    -1.597362
1    9.305482    -2.437370    -0.373972
1    9.874210    -0.225301    1.082999
1    9.020682    1.864620    2.071470
1    6.633753    2.565622    1.814228
1    0.638759    -0.640061    -1.748720
1    -0.433514    3.077326    0.241601
1    -1.542551    3.665806    -1.971675
1    -3.306685    5.295607    -1.293525
1    -5.243601    4.536576    0.086821
1    -5.416509    2.150692    0.772723
1    -0.612879    0.202810    -3.714294
1    -1.371177    -1.868816    -4.879451
1    -3.109714    -3.324629    -3.834757
1    -4.092798    -2.696378    -1.636051
6    -2.398688    -0.680371    1.671297
6    -1.513319    -1.773968    1.612157
1    -1.474041    -2.390928    0.709407
6    -0.670131    -2.076375    2.686491
1    0.015070    -2.925209    2.619536
6    -0.698154    -1.287371    3.840859
1    -0.036231    -1.519788    4.679022
6    -1.567910    -0.194020    3.917514
1    -1.585622    0.430301    4.814476
6    -2.407667    0.106395    2.840785
1    -3.071802    0.974058    2.908139
6    -5.300062    -0.915349    0.570737
6    -5.618348    -1.617946    1.748878
1    -4.839826    -1.798772    2.495780
6    -6.916241    -2.087430    1.979890
1    -7.143322    -2.630679    2.900799
6    -7.920496    -1.861728    1.033482
1    -8.934731    -2.227983    1.212718
6    -7.625005    -1.165538    -0.144345
1    -8.407518    -0.986983    -0.886377
6    -6.327360    -0.697811    -0.371542
1    -6.110674    -0.154322    -1.296828
